"State","EV","PHEV","HEV","Biodiesel","Ethanol","CNG","Propane","Hydrogen","Methanol","Gasoline","Diesel","Unknown Fuel","ev_percentage","phev_percentage","hev_percentage","gasoline_percentage"
Alabama,13000,5800,63300,54200,441200,100,100,0,0,4102200,127000,29000,0.31,0.14,1.51,98.04
Alaska,2700,900,10600,9600,46800,0,0,0,0,454300,29800,5100,0.58,0.19,2.26,96.97
Arizona,89800,25600,175700,68600,437100,600,700,0,0,5469000,197700,64200,1.56,0.44,3.05,94.95
Arkansas,7100,3200,37000,37000,276700,200,0,0,0,2246100,90700,10300,0.31,0.14,1.61,97.94
California,1256600,410700,1703200,201600,1314600,10100,1500,16900,0,31191900,735300,7900,3.64,1.19,4.93,90.25
Colorado,90100,37500,152700,68100,334300,300,100,0,0,4508800,203400,46500,1.88,0.78,3.19,94.15
Connecticut,31600,18400,75300,10900,133600,100,0,0,0,2612600,42300,20900,1.15,0.67,2.75,95.42
Delaware,8400,3800,22900,5100,63900,0,0,0,0,791300,14200,5100,1.02,0.46,2.77,95.75
District of Columbia,8100,3700,18100,400,16800,100,0,0,0,262500,1800,600,2.77,1.27,6.19,89.77
Florida,254900,57300,414500,170500,1101100,400,100,0,0,16136500,351800,96100,1.51,0.34,2.46,95.69
Georgia,92400,22700,175300,92500,719400,300,200,0,0,8256400,206300,76900,1.08,0.27,2.05,96.60
Hawaii,25600,7300,36400,3400,37300,0,0,0,0,951000,15400,3700,2.51,0.72,3.57,93.21
Idaho,8500,4600,43700,45900,132900,100,100,0,0,1568600,138600,31600,0.52,0.28,2.69,96.51
Illinois,99600,33400,285400,61500,772900,300,0,0,0,8560300,170200,59600,1.11,0.37,3.18,95.34
Indiana,26100,12900,119100,56300,576300,300,0,0,0,5166200,156400,58500,0.49,0.24,2.24,97.03
Iowa,9000,6100,57200,41700,331300,100,0,0,0,2545400,105000,57500,0.34,0.23,2.19,97.24
Kansas,11300,5600,50400,27900,253500,200,100,0,0,2168600,87400,16100,0.51,0.25,2.25,96.99
Kentucky,11600,5600,67100,36900,361200,300,0,0,0,3415000,117600,24400,0.33,0.16,1.92,97.59
Louisiana,8200,4000,40200,64200,380100,100,0,0,0,3142800,115500,19100,0.26,0.13,1.26,98.36
Maine,7400,7600,33600,12000,104500,0,0,0,0,1036100,26900,7900,0.68,0.70,3.10,95.52
Maryland,72100,31300,168700,32100,309300,300,0,0,0,4327800,86900,31500,1.57,0.68,3.67,94.08
Massachusetts,73800,43800,187300,21300,285000,200,0,0,0,4791300,58400,30000,1.45,0.86,3.68,94.02
Michigan,50300,29100,148100,70400,873700,300,0,0,0,7129600,174500,49400,0.68,0.40,2.01,96.91
Minnesota,37100,16100,124500,52700,516400,100,0,0,0,4219200,127900,24500,0.84,0.37,2.83,95.96
Mississippi,3600,2000,28200,34900,295200,100,0,0,0,2275600,75200,8500,0.16,0.09,1.22,98.54
Missouri,26900,13900,113900,70400,575500,900,100,0,0,4608600,178200,37600,0.56,0.29,2.39,96.75
Montana,4600,2500,21100,37900,94500,0,0,0,0,780700,69600,10800,0.57,0.31,2.61,96.51
Nebraska,6900,3800,32600,28900,197100,100,0,0,0,1600400,76100,25300,0.42,0.23,1.98,97.37
Nevada,47400,10600,69600,27200,125600,200,100,0,0,2169300,85800,20300,2.06,0.46,3.03,94.44
New Hampshire,9900,6600,36800,13900,89600,100,0,0,0,1185300,29200,12300,0.80,0.53,2.97,95.70
New Jersey,134800,40900,174200,27800,392100,300,0,0,0,6433000,84600,36400,1.99,0.60,2.57,94.84
New Mexico,10300,4900,44300,32100,151600,100,100,0,0,1597600,88500,22900,0.62,0.30,2.67,96.41
New York,131300,92300,314000,54300,591100,400,100,0,0,9905500,150500,79100,1.26,0.88,3.01,94.85
North Carolina,70200,23700,210600,80200,655000,300,100,0,0,7764000,209700,71700,0.87,0.29,2.61,96.23
North Dakota,1000,800,8200,20400,89900,0,0,0,0,625300,44600,7200,0.16,0.13,1.29,98.43
Ohio,50400,24000,199800,70300,833500,700,100,0,0,8881400,196200,60900,0.55,0.26,2.18,97.01
Oklahoma,22800,33000,56400,63100,352400,1800,200,0,0,3567500,145700,45000,0.62,0.90,1.53,96.95
Oregon,64400,28800,156900,55500,184600,100,100,0,0,3074300,217000,51000,1.94,0.87,4.72,92.48
Pennsylvania,70200,38900,245400,73900,661700,500,100,0,0,8886400,192100,41800,0.76,0.42,2.66,96.16
Rhode Island,6400,5100,22100,3100,41900,0,0,0,0,782000,11000,6000,0.78,0.63,2.71,95.88
South Carolina,20900,9000,83100,44600,404600,100,100,0,0,4325000,110100,44900,0.47,0.20,1.87,97.45
South Dakota,1700,1300,11900,21500,98800,0,0,0,0,718300,51200,13300,0.23,0.18,1.62,97.97
Tennessee,33200,11000,113300,53100,509000,200,100,0,0,5620500,160700,37700,0.57,0.19,1.96,97.27
Texas,230100,55300,445100,460700,2315400,1300,1300,0,0,21392800,772800,121800,1.04,0.25,2.01,96.70
Utah,40000,13000,83200,68500,185200,2200,500,0,0,2499600,158000,26000,1.52,0.49,3.16,94.83
Vermont,7800,5700,20300,7000,36600,0,0,0,0,496000,14700,5000,1.47,1.08,3.83,93.62
Virginia,84900,26800,229400,44300,484800,300,0,0,0,6670000,152800,30200,1.21,0.38,3.27,95.13
Washington,152100,41200,307200,73800,337700,100,100,0,0,5583000,274200,46700,2.50,0.68,5.05,91.77
West Virginia,2800,1800,22400,17300,123400,100,0,0,0,1281500,46400,15200,0.21,0.14,1.71,97.94
Wisconsin,24900,12500,123600,52900,536200,300,0,0,0,4604700,147500,26400,0.52,0.26,2.59,96.62
Wyoming,1100,800,8400,21200,57700,0,0,0,0,489100,60900,13700,0.22,0.16,1.68,97.94
